0 16 1 1.2361419 1.0137761 -0.0612424 
1 1 1 0.5104418 0.8944555 0.551419 
2 1 1 1.9926927 1.1973129 0.4956931 
3 16 2 1.2361419 1.0137761 2.9387576 
4 1 2 0.5104418 0.8944555 3.551419 
5 1 2 1.9926927 1.1973129 3.4956931 
6 16 3 1.2361419 1.0137761 5.9387576 
7 1 3 0.5104418 0.8944555 6.551419 
8 1 3 1.9926927 1.1973129 6.4956931 
9 16 4 1.2361419 1.0137761 8.9387576 
10 1 4 0.5104418 0.8944555 9.551419 
11 1 4 1.9926927 1.1973129 9.4956931 
12 16 5 1.2361419 4.0137761 -0.0612424 
13 1 5 0.5104418 3.8944555 0.551419 
14 1 5 1.9926927 4.1973129 0.4956931 
15 16 6 1.2361419 4.0137761 2.9387576 
16 1 6 0.5104418 3.8944555 3.551419 
17 1 6 1.9926927 4.1973129 3.4956931 
18 16 7 1.2361419 4.0137761 5.9387576 
19 1 7 0.5104418 3.8944555 6.551419 
20 1 7 1.9926927 4.1973129 6.4956931 
21 16 8 1.2361419 4.0137761 8.9387576 
22 1 8 0.5104418 3.8944555 9.551419 
23 1 8 1.9926927 4.1973129 9.4956931 
24 16 9 1.2361419 7.0137761 -0.0612424 
25 1 9 0.5104418 6.8944555 0.551419 
26 1 9 1.9926927 7.1973129 0.4956931 
27 16 10 1.2361419 7.0137761 2.9387576 
28 1 10 0.5104418 6.8944555 3.551419 
29 1 10 1.9926927 7.1973129 3.4956931 
30 16 11 1.2361419 7.0137761 5.9387576 
31 1 11 0.5104418 6.8944555 6.551419 
32 1 11 1.9926927 7.1973129 6.4956931 
33 16 12 1.2361419 7.0137761 8.9387576 
34 1 12 0.5104418 6.8944555 9.551419 
35 1 12 1.9926927 7.1973129 9.4956931 
36 16 13 1.2361419 10.0137761 -0.0612424 
37 1 13 0.5104418 9.8944555 0.551419 
38 1 13 1.9926927 10.1973129 0.4956931 
39 16 14 1.2361419 10.0137761 2.9387576 
40 1 14 0.5104418 9.8944555 3.551419 
41 1 14 1.9926927 10.1973129 3.4956931 
42 16 15 1.2361419 10.0137761 5.9387576 
43 1 15 0.5104418 9.8944555 6.551419 
44 1 15 1.9926927 10.1973129 6.4956931 
45 16 16 1.2361419 10.0137761 8.9387576 
46 1 16 0.5104418 9.8944555 9.551419 
47 1 16 1.9926927 10.1973129 9.4956931 
48 16 17 4.2361419 1.0137761 -0.0612424 
49 1 17 3.5104417999999997 0.8944555 0.551419 
50 1 17 4.9926927 1.1973129 0.4956931 
51 16 18 4.2361419 1.0137761 2.9387576 
52 1 18 3.5104417999999997 0.8944555 3.551419 
53 1 18 4.9926927 1.1973129 3.4956931 
54 16 19 4.2361419 1.0137761 5.9387576 
55 1 19 3.5104417999999997 0.8944555 6.551419 
56 1 19 4.9926927 1.1973129 6.4956931 
57 16 20 4.2361419 1.0137761 8.9387576 
58 1 20 3.5104417999999997 0.8944555 9.551419 
59 1 20 4.9926927 1.1973129 9.4956931 
60 16 21 4.2361419 4.0137761 -0.0612424 
61 1 21 3.5104417999999997 3.8944555 0.551419 
62 1 21 4.9926927 4.1973129 0.4956931 
63 16 22 4.2361419 4.0137761 2.9387576 
64 1 22 3.5104417999999997 3.8944555 3.551419 
65 1 22 4.9926927 4.1973129 3.4956931 
66 16 23 4.2361419 4.0137761 5.9387576 
67 1 23 3.5104417999999997 3.8944555 6.551419 
68 1 23 4.9926927 4.1973129 6.4956931 
69 16 24 4.2361419 4.0137761 8.9387576 
70 1 24 3.5104417999999997 3.8944555 9.551419 
71 1 24 4.9926927 4.1973129 9.4956931 
72 16 25 4.2361419 7.0137761 -0.0612424 
73 1 25 3.5104417999999997 6.8944555 0.551419 
74 1 25 4.9926927 7.1973129 0.4956931 
75 16 26 4.2361419 7.0137761 2.9387576 
76 1 26 3.5104417999999997 6.8944555 3.551419 
77 1 26 4.9926927 7.1973129 3.4956931 
78 16 27 4.2361419 7.0137761 5.9387576 
79 1 27 3.5104417999999997 6.8944555 6.551419 
80 1 27 4.9926927 7.1973129 6.4956931 
81 16 28 4.2361419 7.0137761 8.9387576 
82 1 28 3.5104417999999997 6.8944555 9.551419 
83 1 28 4.9926927 7.1973129 9.4956931 
84 16 29 4.2361419 10.0137761 -0.0612424 
85 1 29 3.5104417999999997 9.8944555 0.551419 
86 1 29 4.9926927 10.1973129 0.4956931 
87 16 30 4.2361419 10.0137761 2.9387576 
88 1 30 3.5104417999999997 9.8944555 3.551419 
89 1 30 4.9926927 10.1973129 3.4956931 
90 16 31 4.2361419 10.0137761 5.9387576 
91 1 31 3.5104417999999997 9.8944555 6.551419 
92 1 31 4.9926927 10.1973129 6.4956931 
93 16 32 4.2361419 10.0137761 8.9387576 
94 1 32 3.5104417999999997 9.8944555 9.551419 
95 1 32 4.9926927 10.1973129 9.4956931 
96 16 33 7.2361419 1.0137761 -0.0612424 
97 1 33 6.5104418 0.8944555 0.551419 
98 1 33 7.9926927 1.1973129 0.4956931 
99 16 34 7.2361419 1.0137761 2.9387576 
100 1 34 6.5104418 0.8944555 3.551419 
101 1 34 7.9926927 1.1973129 3.4956931 
102 16 35 7.2361419 1.0137761 5.9387576 
103 1 35 6.5104418 0.8944555 6.551419 
104 1 35 7.9926927 1.1973129 6.4956931 
105 16 36 7.2361419 1.0137761 8.9387576 
106 1 36 6.5104418 0.8944555 9.551419 
107 1 36 7.9926927 1.1973129 9.4956931 
108 16 37 7.2361419 4.0137761 -0.0612424 
109 1 37 6.5104418 3.8944555 0.551419 
110 1 37 7.9926927 4.1973129 0.4956931 
111 16 38 7.2361419 4.0137761 2.9387576 
112 1 38 6.5104418 3.8944555 3.551419 
113 1 38 7.9926927 4.1973129 3.4956931 
114 16 39 7.2361419 4.0137761 5.9387576 
115 1 39 6.5104418 3.8944555 6.551419 
116 1 39 7.9926927 4.1973129 6.4956931 
117 16 40 7.2361419 4.0137761 8.9387576 
118 1 40 6.5104418 3.8944555 9.551419 
119 1 40 7.9926927 4.1973129 9.4956931 
120 16 41 7.2361419 7.0137761 -0.0612424 
121 1 41 6.5104418 6.8944555 0.551419 
122 1 41 7.9926927 7.1973129 0.4956931 
123 16 42 7.2361419 7.0137761 2.9387576 
124 1 42 6.5104418 6.8944555 3.551419 
125 1 42 7.9926927 7.1973129 3.4956931 
126 16 43 7.2361419 7.0137761 5.9387576 
127 1 43 6.5104418 6.8944555 6.551419 
128 1 43 7.9926927 7.1973129 6.4956931 
129 16 44 7.2361419 7.0137761 8.9387576 
130 1 44 6.5104418 6.8944555 9.551419 
131 1 44 7.9926927 7.1973129 9.4956931 
132 16 45 7.2361419 10.0137761 -0.0612424 
133 1 45 6.5104418 9.8944555 0.551419 
134 1 45 7.9926927 10.1973129 0.4956931 
135 16 46 7.2361419 10.0137761 2.9387576 
136 1 46 6.5104418 9.8944555 3.551419 
137 1 46 7.9926927 10.1973129 3.4956931 
138 16 47 7.2361419 10.0137761 5.9387576 
139 1 47 6.5104418 9.8944555 6.551419 
140 1 47 7.9926927 10.1973129 6.4956931 
141 16 48 7.2361419 10.0137761 8.9387576 
142 1 48 6.5104418 9.8944555 9.551419 
143 1 48 7.9926927 10.1973129 9.4956931 
144 16 49 10.2361419 1.0137761 -0.0612424 
145 1 49 9.5104418 0.8944555 0.551419 
146 1 49 10.9926927 1.1973129 0.4956931 
147 16 50 10.2361419 1.0137761 2.9387576 
148 1 50 9.5104418 0.8944555 3.551419 
149 1 50 10.9926927 1.1973129 3.4956931 
150 16 51 10.2361419 1.0137761 5.9387576 
151 1 51 9.5104418 0.8944555 6.551419 
152 1 51 10.9926927 1.1973129 6.4956931 
153 16 52 10.2361419 1.0137761 8.9387576 
154 1 52 9.5104418 0.8944555 9.551419 
155 1 52 10.9926927 1.1973129 9.4956931 
156 16 53 10.2361419 4.0137761 -0.0612424 
157 1 53 9.5104418 3.8944555 0.551419 
158 1 53 10.9926927 4.1973129 0.4956931 
159 16 54 10.2361419 4.0137761 2.9387576 
160 1 54 9.5104418 3.8944555 3.551419 
161 1 54 10.9926927 4.1973129 3.4956931 
162 16 55 10.2361419 4.0137761 5.9387576 
163 1 55 9.5104418 3.8944555 6.551419 
164 1 55 10.9926927 4.1973129 6.4956931 
165 16 56 10.2361419 4.0137761 8.9387576 
166 1 56 9.5104418 3.8944555 9.551419 
167 1 56 10.9926927 4.1973129 9.4956931 
168 16 57 10.2361419 7.0137761 -0.0612424 
169 1 57 9.5104418 6.8944555 0.551419 
170 1 57 10.9926927 7.1973129 0.4956931 
171 16 58 10.2361419 7.0137761 2.9387576 
172 1 58 9.5104418 6.8944555 3.551419 
173 1 58 10.9926927 7.1973129 3.4956931 
174 16 59 10.2361419 7.0137761 5.9387576 
175 1 59 9.5104418 6.8944555 6.551419 
176 1 59 10.9926927 7.1973129 6.4956931 
177 16 60 10.2361419 7.0137761 8.9387576 
178 1 60 9.5104418 6.8944555 9.551419 
179 1 60 10.9926927 7.1973129 9.4956931 
180 16 61 10.2361419 10.0137761 -0.0612424 
181 1 61 9.5104418 9.8944555 0.551419 
182 1 61 10.9926927 10.1973129 0.4956931 
183 16 62 10.2361419 10.0137761 2.9387576 
184 1 62 9.5104418 9.8944555 3.551419 
185 1 62 10.9926927 10.1973129 3.4956931 
186 16 63 10.2361419 10.0137761 5.9387576 
187 1 63 9.5104418 9.8944555 6.551419 
188 1 63 10.9926927 10.1973129 6.4956931 
189 16 64 10.2361419 10.0137761 8.9387576 
190 1 64 9.5104418 9.8944555 9.551419 
191 1 64 10.9926927 10.1973129 9.4956931 

